#Name sn2008fp
#Redshift 0.02216
#Survey CSP
#Data
V 54724.3237 14.2494136908 0.006
V 54725.32016 14.145402226 0.006
V 54726.32141 14.0719134909 0.006
V 54728.31453 13.9599323415 0.007
V 54729.30238 13.9273799656 0.006
V 54732.3027 13.933383816 0.008
V 54740.30267 14.1556476315 0.004
V 54744.31379 14.4174972737 0.005
V 54747.30524 14.5921619437 0.006
V 54749.30468 14.6781927123 0.005
V 54751.28175 14.7635867865 0.013
V 54753.36793 14.8590348259 0.005
V 54759.34452 15.1667139171 0.007
V 54760.29968 15.2199566906 0.007
V 54765.32339 15.5551004233 0.005
V 54768.31296 15.7076882049 0.008
V 54770.28675 15.7874526668 0.005
V 54779.32165 16.0733472541 0.008
V 54781.31516 16.1305583237 0.008
V 54783.29234 16.2005844834 0.008
V 54790.32183 16.3802856355 0.008
V 54792.25894 16.4251860118 0.01
V 54795.25207 16.5120995658 0.01
V 54797.34641 16.5775135107 0.008
V 54803.31488 16.7894809732 0.008
V 54809.21786 16.975 0.009
V 54813.31326 17.069 0.009
V 54820.21276 17.236 0.01
r 54724.3237 14.1291439369 0.008
r 54725.32016 14.0407891151 0.004
r 54726.32141 13.981946812 0.005
r 54728.31453 13.9123804554 0.006
r 54729.30238 13.8881545704 0.005
r 54732.3027 13.8937576737 0.008
r 54740.30267 14.2116246399 0.004
r 54744.31379 14.5093810808 0.005
r 54747.30524 14.6025111962 0.006
r 54749.30468 14.6184560582 0.005
r 54751.28175 14.6502430941 0.006
r 54753.36793 14.6468056229 0.005
r 54759.34452 14.7724648452 0.007
r 54760.29968 14.8030581968 0.007
r 54765.32339 15.1226562304 0.004
r 54768.31296 15.3110732354 0.009
r 54770.28675 15.4146344372 0.004
r 54779.32165 15.7962284131 0.009
r 54781.31516 15.8606824316 0.008
r 54783.29234 15.9291760106 0.007
r 54790.32183 16.1719835121 0.008
r 54792.25894 16.2355244679 0.008
r 54795.25207 16.32443868 0.012
r 54803.31488 16.6429035774 0.005
r 54809.21786 16.769 0.009
r 54813.31326 16.894 0.008
r 54820.21276 17.101 0.01
i 54724.3237 14.0886940297 0.008
i 54725.32016 14.0268621142 0.005
i 54726.32141 13.9832717604 0.006
i 54728.31453 13.9654537388 0.006
i 54729.30238 13.9593718164 0.005
i 54732.3027 14.0737824658 0.006
i 54740.30267 14.4755216822 0.004
i 54744.31379 14.692020439 0.007
i 54747.30524 14.6500876913 0.006
i 54749.30468 14.5794976073 0.006
i 54751.28175 14.5251020776 0.007
i 54753.36793 14.4732090863 0.006
i 54759.34452 14.405680344 0.008
i 54760.29968 14.4214898606 0.007
i 54765.32339 14.7149806888 0.004
i 54768.31296 14.922330264 0.009
i 54770.28675 15.0355802292 0.004
i 54779.32165 15.5300127998 0.008
i 54781.31516 15.6327696129 0.009
i 54783.29234 15.7362557617 0.008
i 54790.32183 16.0508235683 0.009
i 54792.25894 16.1336403291 0.01
i 54795.25207 16.2756223053 0.012
i 54797.34641 16.3462984834 0.008
i 54803.31488 16.6214731204 0.006
i 54809.21786 16.773 0.009
i 54813.31326 16.918 0.009
i 54820.21276 17.149 0.011
B 54724.3237 14.9187665793 0.007
B 54725.32016 14.8178958145 0.008
B 54726.32141 14.7478091272 0.007
B 54728.31453 14.6422720916 0.011
B 54732.3027 14.6780547677 0.005
B 54740.30267 15.0709499611 0.005
B 54744.31379 15.4390853196 0.006
B 54747.30524 15.7701660941 0.008
B 54749.30468 15.9968032349 0.006
B 54751.28175 16.2015915332 0.023
B 54753.36793 16.4070345012 0.008
B 54759.34452 16.9746257314 0.01
B 54760.29968 17.0358344416 0.01
B 54765.32339 17.318620357 0.007
B 54768.31296 17.4609666653 0.011
B 54770.28675 17.523062155 0.009
B 54779.32165 17.7130756947 0.009
B 54781.31516 17.7386586358 0.009
B 54783.29234 17.7760066917 0.011
B 54790.32183 17.8821655061 0.01
B 54792.25894 17.9027278403 0.012
B 54795.25207 17.9371712368 0.011
B 54797.34641 17.959541894 0.009
B 54803.31488 18.0813389255 0.009
B 54809.21786 18.127 0.01
B 54813.31326 18.186 0.015
B 54820.21276 18.28 0.012
